9.824754688706503064e-03 9.582415321758373794e-03 9.339095280312827152e-03 9.093971855407133320e-03 8.819747814463381463e-03 8.093812548451735991e-03 4.952137534050358308e-03 2.898512543720883211e-03 1.581902475240169748e-03 6.515661102887322642e-04
1.358191689624953236e-02 1.314309632844650605e-02 1.271760010580343450e-02 1.226859249879285949e-02 1.168818733967151580e-02 1.020557073629235062e-02 5.672736164165838313e-03 2.592428229468694834e-03 5.743102776697116274e-04 -8.986770789944711901e-04
5.364288542001258153e-04 4.410043270494518053e-04 3.013794125162963522e-04 7.764655389809471675e-05 -3.281935640736845239e-04 -1.253387254195981876e-03 -4.573670068388668158e-03 -7.395236530089693838e-03 -9.114097912618392139e-03 -1.040538516314871639e-02
7.233977442050454343e-04 6.344679041635076233e-04 5.055239027414171193e-04 3.041314340885628575e-04 -4.355039118574682844e-05 -7.565309049329532742e-04 -3.071771412638119036e-03 -6.345073081118198649e-03 -8.252025747914445292e-03 -9.646971967734910280e-03
-1.821321396608298337e-02 -1.704209094977680514e-02 -1.623067192687396507e-02 -1.566800092357348295e-02 -1.535966588533795724e-02 -1.544319086964888316e-02 -1.626519235449460157e-02 -1.697250438679102913e-02 -1.775667031435058246e-02 -1.855264468906444447e-02
-1.689160474644026827e-02 -1.596974885243408054e-02 -1.524767160913816783e-02 -1.468708288384135835e-02 -1.430567391166472774e-02 -1.419349582943132612e-02 -1.449385945066991241e-02 -1.467222562636326388e-02 -1.539415327142720086e-02 -1.615573081051899229e-02
-1.611869153299207158e-02 -1.530439386587749417e-02 -1.464182466865754373e-02 -1.410977967998973404e-02 -1.372641672306604277e-02 -1.356200248947602230e-02 -1.370929840870689989e-02 -1.355850282305522472e-02 -1.414287098734070061e-02 -1.482342975528789034e-02
-7.589676785791699132e-03 -7.263263163804885292e-03 -6.993295375757248300e-03 -6.786001435653811475e-03 -6.665231813074802558e-03 -6.689736451065065453e-03 -6.998262041805185935e-03 -7.771366543436422636e-03 -8.798412576846648819e-03 -9.690120957846406341e-03
-1.276027799412930708e-02 -1.219683604510941877e-02 -1.171887173397131998e-02 -1.132109067108951622e-02 -1.101754294365133585e-02 -1.084969390891187685e-02 -1.088109532964919371e-02 -1.047033445278602523e-02 -1.066458834084239859e-02 -1.114087326269326550e-02
-1.556466972479721850e-02 -1.484441850295656340e-02 -1.423896253712545606e-02 -1.373380558360187687e-02 -1.333986934920064482e-02 -1.309872631508690599e-02 -1.303943948652025453e-02 -1.198736329674411627e-02 -1.182198868883892195e-02 -1.208820968551872418e-02
-1.887634573863089527e-02 -1.786390155851458328e-02 -1.704191389590050537e-02 -1.636097334462130459e-02 -1.581322720793161204e-02 -1.542905665713916602e-02 -1.523357433897713428e-02 -1.379036909957854357e-02 -1.278016112773520604e-02 -1.273754649148825524e-02
-5.448487635041647514e-02 -3.444704979623196273e-02 -2.932807342379546711e-02 -2.725443263221828671e-02 -2.590178872989840758e-02 -2.502963167850767029e-02 -2.461745908780416103e-02 -2.148761027902863080e-02 -1.939142734366266357e-02 -1.893532097528232566e-02
-5.460422226653535716e-02 -5.199251375002072323e-02 -3.053988070634524113e-02 -2.809064210507860801e-02 -2.658523053733622202e-02 -2.561581183671211154e-02 -2.511138053705309209e-02 -2.171685945727833134e-02 -1.922543929214059685e-02 -1.860490579848479015e-02
-5.472718920826337430e-02 -3.165533020442763690e-02 -2.828091731577197371e-02 -2.644023430358682231e-02 -2.515658998888890135e-02 -2.427751874507889582e-02 -2.378719646804027671e-02 -2.059493278284434126e-02 -1.786399664696249057e-02 -1.712426821481069505e-02
2.717454338333752384e-02 2.693430197800187470e-02 2.676256235533235744e-02 2.667450025173317280e-02 2.669676832148952517e-02 2.687283112024538984e-02 2.726417063588296857e-02 2.787075299668950734e-02 2.717923134060143409e-02 2.563735063940564274e-02
-1.718822121728928037e-02 -1.623580434495647262e-02 -1.542680403914020032e-02 -1.471863926679307932e-02 -1.409399655266372828e-02 -1.355115254746821346e-02 -1.305222221475946590e-02 -1.131869677986489797e-02 -8.510848412266458496e-03 -7.679213138440083020e-03
-1.836090821592162303e-02 -1.732096750091322718e-02 -1.644754423948189409e-02 -1.568765808839565554e-02 -1.501971920021803047e-02 -1.444192606944837490e-02 -1.392086881190920944e-02 -1.216780078124796854e-02 -9.112189610587354688e-03 -8.150981734837633302e-03
-2.143055964054445955e-02 -2.003575531775955015e-02 -1.893747406566268984e-02 -1.802027270566301798e-02 -1.723848839456701421e-02 -1.658650717077279554e-02 -1.603565964934734051e-02 -1.397055371322880601e-02 -1.071018021555669372e-02 -9.650561288329844584e-03
-5.374523478230749246e-02 -5.114445511965949598e-02 -4.836514916831754357e-02 -4.538349933622844862e-02 -4.216412036639346356e-02 -3.865704903142733878e-02 -3.318512797936097602e-02 -2.821557563842884073e-02 -2.459687000270432619e-02 -2.374061927021671806e-02
-2.969751389973414313e-03 -2.673285620571681787e-03 -2.379141271963390591e-03 -2.079331454962043968e-03 -1.762237858546775171e-03 -1.404375530626542079e-03 -9.393684584094244561e-04 -3.841689904853645698e-05 1.667407525014864139e-03 1.870415846355336781e-03
-3.611235106819675467e-03 -3.300879507911566590e-03 -2.997199105853200207e-03 -2.692605143443840832e-03 -2.376608950756198269e-03 -2.027315881468136349e-03 -1.575156247391878983e-03 -5.241848039705017392e-04 6.583050651808169951e-04 6.647191942189580038e-04
-4.133850561750411490e-03 -3.811984888495517643e-03 -3.498589864103514302e-03 -3.186529683294102300e-03 -2.866275913949493936e-03 -2.517726756926574883e-03 -2.073498813278742969e-03 -1.007236247172096921e-03 1.502056528514435219e-04 1.540146755520353794e-04
-4.902841175674660379e-03 -4.554659186187477726e-03 -4.218594155733487727e-03 -3.887094328750527461e-03 -3.550733994752822142e-03 -3.189723895438152657e-03 -2.733760079150583666e-03 -1.583815736238308736e-03 -3.311577478011182296e-04 -2.705073007691349840e-04
-6.165048170565151642e-03 -5.773812459171488720e-03 -5.400595200851857070e-03 -5.037274437821079309e-03 -4.674882970180538333e-03 -4.294985357859250341e-03 -3.825658462842860402e-03 -2.577893742170739300e-03 -1.129565310773468501e-03 -9.712770314369671698e-04
-7.429931447623390472e-03 -6.992612527400320077e-03 -6.580388885566744450e-03 -6.184290142672126123e-03 -5.795824018887993367e-03 -5.398380442010207447e-03 -4.919733777487757254e-03 -3.579650363139084968e-03 -1.966975580541492630e-03 -1.724881749393333136e-03
-1.058102105651438640e-02 -1.002265035802604731e-02 -9.501857083547914085e-03 -9.006233469862602592e-03 -8.525572853936923268e-03 -8.043446193055442395e-03 -7.494309576005955820e-03 -6.229089802998709346e-03 -3.224771635272155601e-03 -2.217957275857020821e-03
-1.181920463498216389e-02 -1.120618616888882646e-02 -1.064060558962542230e-02 -1.010794972934789260e-02 -9.597992969333599134e-03 -9.096959190770838311e-03 -8.546385098938718422e-03 -7.287178721346730670e-03 -4.112010269128590217e-03 -2.980053622938860086e-03
-1.405968313128918429e-02 -1.334150578823489752e-02 -1.269072779100710591e-02 -1.208779028834879032e-02 -1.152148104240315746e-02 -1.098134716337071520e-02 -1.041618095339979372e-02 -9.073516184171095261e-03 -5.620175796681042141e-03 -4.281281819564917296e-03
-1.663610725685884389e-02 -1.577766982485990371e-02 -1.501660887064240613e-02 -1.432410409289332220e-02 -1.368611885213840904e-02 -1.309481231701480411e-02 -1.250012725938394464e-02 -1.088070330307719033e-02 -7.132895185940478500e-03 -5.621326052897654413e-03
-1.996281106541632905e-02 -1.888026164476413332e-02 -1.794928329705682696e-02 -1.711921610170784661e-02 -1.636693067715549663e-02 -1.568410119265554320e-02 -1.502083666421911989e-02 -1.306367638907692322e-02 -8.642674616098851986e-03 -6.526620177744701240e-03
